-5.388712
0.781151
-0.999877
0.107295
-1.796470
0.439429
-6.109565
-1.305153
-2.794256
-1.634190
0.958442
2.504260
3.035590
4.610392
-1.034806
-1.839339
2.048702
-2.125916
0.802191
-2.140867
-0.287282
1.358895
2.554729
-3.782578
7.599045
-2.103918
0.271395
-3.569619
2.185428
-1.406466
-0.168816
-1.022634
0.415264
2.510876
1.441872
1.002647
-1.274703
-0.659008
-0.365408
1.829549
1.266168
1.625520
1.939549
-0.859662
-0.155034
2.091671
-0.089878
-1.150562
0.090356
-0.598657
-1.132549
-3.707195
0.227784
-3.251732
-1.586060
5.026357
-1.790540
-1.138017
-2.454229
2.153078
2.572606
