0.022265
-0.125854
-0.200365
0.095842
-0.127445
0.213065
0.210265
-0.251786
-0.436012
-0.157007    
-0.064279
0.281624
0.493373
0.481487
-0.074368
-0.404309
0.271355
-0.433363
-0.191317
-0.371902    
0.132074
-0.079229
0.421729
-0.394382
0.448055
0.308338
0.401264
-0.470700
0.378593
-0.241788    
-0.124135
0.126082
0.302377
0.047947
0.328848
0.055583
-0.406352
-0.164134
-0.040192
0.173894    
0.430841
0.424550
0.267487
-0.071396
-0.070905
0.094458
0.359070
-0.376464
0.033970
-0.310608    
-0.013042
0.024022
0.253684
-0.427924
-0.444257
0.430349
-0.260042
-0.272427
0.207565
0.074129    
0.205748
-0.300420
0.177306
0.483763
0.048837
0.163912
-0.183048
0.130919
0.391538
-0.182305    
-0.301586
0.230335
-0.475392
-0.220316
0.305177
-0.445879
0.332621
0.472163
0.266036
0.002850    
0.093744
-0.151989
-0.317077
-0.206533
-0.451444
-0.090547
0.068906
0.367005
-0.280687
0.238127
-0.183065
0.130189
0.415085
0.073736
0.101518
-0.215157
0.079517
-0.420528
-0.432400
0.057689
-0.478997
