0.515 0.596 0.970 0.192 0.828 0.172 0.556 0.889 1.000 0.061 0.677 0.717 0.960 0.485 0.404 
0.838 0.515 0.596 0.970 0.192 0.828 0.172 0.556 0.889 1.000 0.061 0.677 0.717 0.960 0.485 
0.515 0.838 0.515 0.596 0.970 0.192 0.828 0.172 0.556 0.889 1.000 0.061 0.677 0.717 0.960 
0.768 0.515 0.838 0.515 0.596 0.970 0.192 0.828 0.172 0.556 0.889 1.000 0.061 0.677 0.717 
0.869 0.768 0.515 0.838 0.515 0.596 0.970 0.192 0.828 0.172 0.556 0.889 1.000 0.061 0.677 
0.071 0.869 0.768 0.515 0.838 0.515 0.596 0.970 0.192 0.828 0.172 0.556 0.889 1.000 0.061 
0.859 0.071 0.869 0.768 0.515 0.838 0.515 0.596 0.970 0.192 0.828 0.172 0.556 0.889 1.000 
0.747 0.859 0.071 0.869 0.768 0.515 0.838 0.515 0.596 0.970 0.192 0.828 0.172 0.556 0.889 
0.687 0.747 0.859 0.071 0.869 0.768 0.515 0.838 0.515 0.596 0.970 0.192 0.828 0.172 0.556 
0.040 0.687 0.747 0.859 0.071 0.869 0.768 0.515 0.838 0.515 0.596 0.970 0.192 0.828 0.172 
0.212 0.040 0.687 0.747 0.859 0.071 0.869 0.768 0.515 0.838 0.515 0.596 0.970 0.192 0.828 
0.263 0.212 0.040 0.687 0.747 0.859 0.071 0.869 0.768 0.515 0.838 0.515 0.596 0.970 0.192 
0.495 0.263 0.212 0.040 0.687 0.747 0.859 0.071 0.869 0.768 0.515 0.838 0.515 0.596 0.970 
0.727 0.495 0.263 0.212 0.040 0.687 0.747 0.859 0.071 0.869 0.768 0.515 0.838 0.515 0.596 
0.273 0.727 0.495 0.263 0.212 0.040 0.687 0.747 0.859 0.071 0.869 0.768 0.515 0.838 0.515 
0.909 0.273 0.727 0.495 0.263 0.212 0.040 0.687 0.747 0.859 0.071 0.869 0.768 0.515 0.838 
0.778 0.909 0.273 0.727 0.495 0.263 0.212 0.040 0.687 0.747 0.859 0.071 0.869 0.768 0.515 
0.545 0.778 0.909 0.273 0.727 0.495 0.263 0.212 0.040 0.687 0.747 0.859 0.071 0.869 0.768 
0.758 0.545 0.778 0.909 0.273 0.727 0.495 0.263 0.212 0.040 0.687 0.747 0.859 0.071 0.869 
0.818 0.758 0.545 0.778 0.909 0.273 0.727 0.495 0.263 0.212 0.040 0.687 0.747 0.859 0.071 
0.212 0.818 0.758 0.545 0.778 0.909 0.273 0.727 0.495 0.263 0.212 0.040 0.687 0.747 0.859 
0.768 0.212 0.818 0.758 0.545 0.778 0.909 0.273 0.727 0.495 0.263 0.212 0.040 0.687 0.747 
0.919 0.768 0.212 0.818 0.758 0.545 0.778 0.909 0.273 0.727 0.495 0.263 0.212 0.040 0.687 
0.616 0.919 0.768 0.212 0.818 0.758 0.545 0.778 0.909 0.273 0.727 0.495 0.263 0.212 0.040 
0.192 0.616 0.919 0.768 0.212 0.818 0.758 0.545 0.778 0.909 0.273 0.727 0.495 0.263 0.212 
0.020 0.192 0.616 0.919 0.768 0.212 0.818 0.758 0.545 0.778 0.909 0.273 0.727 0.495 0.263 
0.596 0.020 0.192 0.616 0.919 0.768 0.212 0.818 0.758 0.545 0.778 0.909 0.273 0.727 0.495 
0.980 0.596 0.020 0.192 0.616 0.919 0.768 0.212 0.818 0.758 0.545 0.778 0.909 0.273 0.727 
0.131 0.980 0.596 0.020 0.192 0.616 0.919 0.768 0.212 0.818 0.758 0.545 0.778 0.909 0.273 
0.242 0.131 0.980 0.596 0.020 0.192 0.616 0.919 0.768 0.212 0.818 0.758 0.545 0.778 0.909 
0.212 0.242 0.131 0.980 0.596 0.020 0.192 0.616 0.919 0.768 0.212 0.818 0.758 0.545 0.778 
0.667 0.212 0.242 0.131 0.980 0.596 0.020 0.192 0.616 0.919 0.768 0.212 0.818 0.758 0.545 
0.444 0.667 0.212 0.242 0.131 0.980 0.596 0.020 0.192 0.616 0.919 0.768 0.212 0.818 0.758 
0.293 0.444 0.667 0.212 0.242 0.131 0.980 0.596 0.020 0.192 0.616 0.919 0.768 0.212 0.818 
0.475 0.293 0.444 0.667 0.212 0.242 0.131 0.980 0.596 0.020 0.192 0.616 0.919 0.768 0.212 
0.576 0.475 0.293 0.444 0.667 0.212 0.242 0.131 0.980 0.596 0.020 0.192 0.616 0.919 0.768 
0.949 0.576 0.475 0.293 0.444 0.667 0.212 0.242 0.131 0.980 0.596 0.020 0.192 0.616 0.919 
0.990 0.949 0.576 0.475 0.293 0.444 0.667 0.212 0.242 0.131 0.980 0.596 0.020 0.192 0.616 
