59.8384
21.6918
31.6142
4.6322
21.5950
36.2868
36.7392
36.4714
36.0214
59.1727
21.5526
31.9758
4.6016
21.4282
36.7392
36.4714
36.0214
35.7905
59.368
21.5075
31.9502
4.6271
21.3328
36.7414
36.0214
35.7905
35.9788
59.7815
21.5209
32.1198
4.6666
21.5236
36.0214
35.7905
35.9788
35.2983
59.3742
21.4975
32.3339
4.6355
21.3729
35.7905
35.9788
35.2983
36.0555
58.998
21.2588
32.5412
4.6356
21.396
35.9788
35.2983
36.0555
36.0458
58.6578
21.0905
32.3374
4.6396
21.3501
35.2983
36.0555
36.0458
36.0788
59.3502
21.4621
32.263
4.6818
21.4532
36.0555
36.0458
36.0788
36.4154
60.3741
21.8107
32.1773
4.7205
21.6523
36.0458
36.0788
36.4154
36.6873
61.0109
21.9933
32.4811
4.7508
21.8585
36.0788
36.4154
36.6873
36.9423
59.6637
21.3981
31.7527
4.6618
21.4245
36.4154
36.6873
36.9423
36.22
59.5672
21.3572
31.4896
4.6524
21.3412
36.6873
36.9423
36.22
36.1865
59.9394
21.4543
31.8448
4.6675
21.4345
36.9423
36.22
36.1865
36.3123
59.403
21.3013
31.7824
4.6513
21.423
36.22
36.1865
36.3123
36.1648
60.0604
21.5468
31.8502
4.6862
21.5868
36.1865
36.3123
36.1648
36.431
60.7219
21.7062
31.9857
4.7296
21.6645
36.3123
36.1648
36.431
36.7652
60.3318
21.4846
31.9192
4.6864
21.494
36.1648
36.431
36.7652
36.447
60.1745
21.3901
31.8685
4.6807
21.4909
36.431
36.7653
36.447
36.4137
60.1188
21.3497
31.5726
4.706
21.5381
36.7653
36.447
36.4137
36.6138
60.1378
21.2909
31.3689
4.7065
21.5071
36.447
36.4137
36.6138
36.6108
59.8759
21.1155
31.4139
4.6888
21.4443
36.4137
36.6138
36.6108
36.4739
59.7102
21.0244
31.5994
4.6899
21.4201
36.6138
36.6108
36.4739
36.45
59.5785
21.0308
32.2842
4.6832
21.4472
36.6108
36.4739
36.45
36.425
59.5886
21.021
32.0686
4.6903
21.4531
36.4739
36.45
36.425
36.4833
59.7714
21.0825
32.3514
4.6856
21.4684
36.45
36.425
36.4833
36.455
59.5262
20.9794
32.1841
4.6988
21.4949
36.425
36.4833
36.455
36.5577
60.0769
21.1958
31.9138
4.7322
21.566
36.4833
36.455
36.5577
36.7584
60.1046
21.2253
32.0611
4.7358
21.6374
36.455
36.5577
36.7584
36.8312
59.6321
21.2101
32.024
4.7268
21.6015
36.5577
36.7584
36.8312
36.7564
59.4185
21.0227
31.9434
4.7195
21.5994
36.7584
36.8312
36.7564
36.7182
59.5112
21.0108
31.9123
4.6974
21.5107
36.8312
36.7564
36.7182
36.5429
59.3624
20.9272
31.1887
4.7083
21.4717
36.7564
36.7182
36.5429
36.6026
59.9608
20.99
30.9034
4.7189
21.4694
36.7182
36.5429
36.6026
36.6825
59.9938
21.0767
30.8243
4.7266
21.4922
36.5429
36.6026
36.6825
36.7571
60.3755
21.1291
30.675
4.7658
21.6042
36.6029
36.6825
36.7571
37.0377
60.6091
21.0699
30.5873
4.8218
21.7178
36.6825
36.7571
37.0377
37.4779
60.4859
20.9862
30.803
4.8011
21.5616
36.7571
37.0377
37.4779
37.3581
59.7429
20.796
30.5524
4.7753
21.4374
37.0377
37.4779
37.3581
37.1196
59.5348
20.9438
30.6863
4.7972
21.4396
37.4779
37.3581
37.1196
37.3
59.3749
20.8759
30.9023
4.7824
21.4235
37.3581
37.1196
37.3
37.1722
