60.7708
22.0691
31.5254
4.6801
22.3455
36.4196
36.4711
36.3989
60.3723
21.9169
31.3932
4.6864
22.2546
36.4711
36.3989
36.4120
59.9885
21.8705
31.2799
4.6742
22.2439
36.3989
36.4120
36.3435
59.8783
21.6474
30.6880
4.6605
22.1344
36.4120
36.3435
36.2142
59.9608
21.7257
30.4866
4.6530
22.0836
36.3435
36.2142
36.1543
60.1029
21.6159
30.3836
4.6838
21.9875
36.2142
36.1543
36.3689
61.2403
21.8119
30.1091
4.7596
22.0954
36.1543
36.3689
36.9508
60.1186
21.5662
29.7215
4.6855
21.8674
36.3689
36.9508
36.4050
60.5235
21.6872
29.7666
4.7009
21.9439
36.9508
36.4050
36.5354
60.8373
21.6982
29.9129
4.7243
22.0394
36.4050
36.5354
36.7009
60.5049
21.6261
29.6518
4.6859
21.8916
36.5354
36.7009
36.4078
60.3739
21.5751
29.6454
4.6495
21.9206
36.7009
36.4078
36.1404
60.3379
21.5920
29.6380
4.6453
21.8835
36.4078
36.1404
36.1025
59.7698
21.3515
29.3309
4.6224
21.8351
36.1404
36.1025
35.9610
59.4804
21.2207
29.8852
4.6180
21.9358
36.1025
35.9610
35.8811
59.2512
21.1282
29.6860
4.6175
21.8095
35.9610
35.8811
35.8767
59.3299
21.0195
29.5335
4.6293
21.8005
35.8811
35.8767
35.9639
59.3408
20.9974
29.5713
4.6141
21.7338
35.8767
35.9639
35.8548
59.2553
20.9413
29.3415
4.6072
21.6774
35.9639
35.8548
35.8096
59.2345
20.9572
29.0654
4.5963
21.5101
35.8548
35.8096
35.7304
59.0052
20.8743
28.8699
4.6066
21.4969
35.8096
35.7304
35.8200
58.9149
21.1036
29.0505
4.6061
21.5716
35.7304
35.8200
35.8005
58.9816
21.1713
29.2626
4.6019
21.5132
35.8200
35.8005
35.7786
59.3490
21.2993
29.6023
4.5907
21.4852
35.8005
35.7786
35.6971
59.2985
21.3269
30.0191
4.5836
21.5092
35.7786
35.6971
35.6500
58.7936
21.1897
29.5733
4.5916
21.3432
35.6971
35.6500
35.7217
58.8953
21.2942
29.8057
4.5811
21.3520
35.6500
35.7217
35.6342
59.1415
21.4192
30.1732
4.5667
21.4086
35.7217
35.6342
35.5030
59.6708
21.4862
30.2849
4.5635
21.3917
35.6342
35.5030
35.4883
60.1204
21.5503
30.6650
4.5891
21.5080
35.5030
35.4883
35.6805
60.8521
21.7694
30.9686
4.6568
21.7418
35.4883
35.6805
36.2396
60.8070
21.7904
31.2492
4.6863
21.8919
35.6805
36.2396
36.4343
60.8153
21.8050
31.2019
4.6810
21.8760
36.2396
36.4343
36.3905
60.5051
21.6321
31.1352
4.6329
21.6936
36.4343
36.3905
36.0170
60.4110
21.4620
30.8656
4.6267
21.6200
36.3905
36.0170
35.9673
60.3639
21.4893
30.8324
4.6306
21.6080
36.0170
35.9673
35.9916
60.3584
21.4552
31.0765
4.6408
21.6268
35.9673
35.9916
36.0826
60.3159
21.4523
31.0164
4.6482
21.6308
35.9916
36.0826
36.1396
60.5454
21.4855
30.9110
4.6670
21.6972
36.0826
36.1396
36.2868
61.4431
21.8716
31.6782
4.7256
21.9865
36.1396
36.2868
36.7392



