84.95167
28.57661
39.17242
6.76169
29.38709
49.84160
51.66417
52.54292
85.34620
28.7785
39.7295
6.7752
29.7759
51.66417
52.54292
52.6933
86.10207
29.33616
40.34910
6.86995
29.8352
52.54292
52.6933
53.406
88.48353
30.3018
41.47843
7.08226
30.53524
52.6933
53.406
55.15591
90.0375
30.476
41.7053
7.1434
30.9161
53.406
55.15591
55.5191
86.22402
29.00041
40.32168
6.81462
30.10796
55.15591
55.5191
52.9856
85.14711
28.69574
39.96668
6.74745
29.92218
55.5191
52.9856
52.4
86.15304
28.88603
40.73774
6.82288
29.96067
52.9856
52.4
52.9975
85.96022
28.63734
40.89129
6.7769
30.08434
52.4
52.9975
52.64348
86.00952
28.61287
40.62928
6.79203
29.83884
52.9975
52.64348
52.76478
86.1395
28.86850
41.148
6.8303
29.858
52.64348
52.76478
53.0583
87.59912
29.60167
42.22321
6.91455
30.25077
52.76478
53.0583
53.7216
89.27019
30.05218
42.70237
6.98882
30.56213
53.0583
53.7216
54.292
91.17636
30.82028
43.22793
6.99289
30.76645
53.7216
54.292
54.36905
89.6611
30.2023
42.7812
6.9754
30.7899
54.292
54.36905
54.2452
89.155
30.2835
43.1438
6.9943
31.336
54.36905
54.2452
54.3112
89.0555
30.017
43.419
7.018
31.1552
54.2452
54.3112
54.5
89.68304
29.89866
43.13514
7.5285
31.48164
54.3112
54.5
54.97692
83.89288
28.04663
40.61018
6.63414
29.81214
54.5
54.97692
51.5716
79.50504
26.60789
38.2473
6.23058
28.19143
54.97692
51.5716
48.37846
77.40826
25.97191
37.49011
6.08235
27.86562
51.5716
48.37846
47.39069
80.57731
26.99965
39.27493
6.28057
28.82412
48.37846
47.39069
48.75909
79.29144
26.84480
38.65954
6.21133
28.75202
47.39069
48.75909
48.21
77.55857
26.10101
37.86088
6.1027
28.34005
48.75909
48.21
47.38571
75.14108
25.39043
37.22106
5.94467
27.96274
48.21
47.38571
46.25038
72.13726
24.34999
35.86094
5.70207
26.78801
47.38571
46.25038
44.30871
75.35824
25.38254
36.90139
5.93098
27.55471
46.25038
44.30871
46.13484
77.21828
25.86566
37.39362
6.0768
27.89566
44.30871
46.13484
47.21750
75.25751
25.31165
36.51997
5.92456
27.34683
46.13484
47.21750
46.05129
73.40338
24.65296
35.60254
5.80441
27.03639
47.21750
46.05129
45.17962
71.94899
24.1303
34.8048
5.66258
26.86151
46.05129
45.17962
44.00281
72.49937
24.39249
35.00767
5.7142
26.88409
45.17962
44.00281
44.44269
73.07077
24.50129
34.71844
5.7652
26.78953
44.00281
44.44269
44.802
71.88024
24.33623
34.09617
5.6378
26.3272
44.44269
44.802
43.79233
70.02377
23.62779
33.32837
5.47927
25.90175
44.802
43.79233
42.58226
69.84275
23.40877
33.03556
5.48093
25.95229
43.79233
42.58226
42.63241
69.59594
23.33073
33.3412
5.4574
26.01525
42.58226
42.63241
42.44034
71.06399
23.80982
34.21781
5.54539
26.39413
42.63241
42.44034
43.12655
70.45769
23.57913
34.06331
5.51434
26.43004
42.44034
43.12655
42.8675
71.66017
23.98421
34.54854
5.59813
26.48436
43.12655
42.8675
43.51655
72.50041
24.24424
34.62971
5.67282
26.58034
42.8675
43.51655
44.08821
73.37728
24.29184
35.17525
5.79082
27.05073
43.51655
44.08821
44.96125
72.75713
24.25914
34.65025
5.73583
26.64827
44.08821
44.96125
44.545
71.25315
23.86775
34.09984
5.61563
26.33839
44.96125
44.545
43.65167
70.00699
23.32978
33.40072
5.50374
26.1598
44.545
43.65167
42.75538
70.43151
23.36287
33.09978
5.51656
26.02231
43.65167
42.75538
42.84962
68.4319
22.6149
32.1017
5.3297
25.3532
42.75538
42.84962
41.385
66.28442
21.82311
30.84396
5.12198
24.60423
42.84962
41.385
39.79
66.14539
21.82454
30.64596
5.11322
24.54794
41.385
39.79
39.7125
67.3153
22.10591
30.88331
5.19033
24.89564
39.79
39.7125
40.325
66.76596
21.89542
30.77191
5.15827
24.80226
39.7125
40.325
40.09038
64.95161
21.32708
29.98205
5.0314
24.096
40.325
40.09038
39.11885
64.31283
21.05806
29.05183
4.97292
23.93379
40.09038
39.11885
38.63571
64.04611
20.9219
29.34735
4.92628
23.6339
39.11885
38.63571
38.26429
63.69676
20.83478
29.2576
4.91039
23.59087
38.63571
38.26429
38.15179
63.72057
20.82056
29.48008
4.90742
23.66103
38.26429
38.15179
38.13704
63.98137
20.84722
29.49615
4.89651
23.66557
38.15179
38.13704
38.04318
63.5027
20.6483
28.8719
4.868
23.59
38.13704
38.04318
37.8179
64.25513
20.73894
29.01283
4.94094
23.73394
38.04318
37.8179
38.41172
64.5022
20.8733
28.9346
4.9719
23.7544
37.8179
38.41172
38.6609
66.37667
21.43269
29.7123
5.11981
24.33043
38.41172
38.6609
39.7803
67.48249
21.86422
30.18705
5.22288
24.77614
38.6609
39.7803
40.6
65.97011
21.54248
29.52053
5.10402
24.35914
39.7803
40.6
39.67909
66.77837
21.80829
29.99251
5.16044
24.71952
40.6
39.67909
40.0992
65.98725
21.725
29.83958
5.08508
24.56208
39.67909
40.0992
39.51739
65.67241
21.58809
30.18848
5.06711
24.52713
40.0992
39.51739
39.3975
66.86645
22.01856
30.29478
5.12166
24.61615
39.51739
39.3975
39.7856
66.34674
21.72248
29.77605
5.06286
24.30123
39.3975
39.7856
39.31379
65.37842
21.48364
29.40136
5.01256
24.0897
39.7856
39.31379
38.9396
64.63795
21.57267
29.34659
4.97717
24.12111
39.31379
38.9396
38.69375
64.6067
21.56642
29.69571
4.98449
24.28586
38.9396
38.69375
38.77821
64.17784
21.43437
29.66946
4.967
24.12362
38.69375
38.77821
38.62333
64.18314
21.55882
29.216
4.96396
24.05378
38.77821
38.62333
38.58857
63.95851
21.36639
28.93182
4.93037
23.83069
38.62333
38.58857
38.29808
63.4663
21.22614
28.777
4.91179
23.85131
38.58857
38.29808
38.1748
63.99683
21.35923
29.00118
4.94368
24.02942
38.29808
38.1748
38.39417
63.81806
21.46793
28.73077
4.9399
24.01634
38.1748
38.39417
38.385
63.4149
21.546
28.9268
4.9254
23.9304
38.39417
38.385
38.2748
64.3971
21.9621
29.092
5.0038
23.6979
38.385
38.2748
38.8554
63.0799
21.6258
28.7119
4.9371
23.5111
38.2748
38.8554
38.356
62.1425
21.4466
28.6129
4.9078
23.235
38.8554
38.356
38.1735
62.8516
21.658
28.6884
4.9634
23.2063
38.356
38.1735
38.5593
62.41728
21.55504
28.60905
4.94226
23.13801
38.1735
38.5593
38.3963
62.5943
21.5613
28.6021
4.9446
23.1802
38.5593
38.3963
38.4163
62.7109
21.6929
28.6246
4.9865
23.252
38.3963
38.4163
38.7582
63.436
21.9058
28.7417
5.0414
23.5208
38.4163
38.7582
39.1693
63.156
21.8559
28.5048
5.0112
23.5145
38.7582
39.1693
38.9607
63.1042
21.862
28.5152
4.9859
23.3819
39.1693
38.9607
38.7612
63.2994
22.1148
28.7188
5.015
23.5992
38.9607
38.7612
38.968
63.249
22.0428
28.3425
4.9991
23.4626
38.7612
38.968
38.8433
63.3107
22.0422
28.2788
5.0129
23.3911
38.968
38.8433
38.9621
63.5015
21.9389
28.2281
5.0132
23.3398
38.8433
38.9621
38.9435
64.1064
22.0644
28.6193
5.0688
23.4644
38.9621
38.9435
39.3744
64.7122
22.349
28.6571
5.1325
23.6452
38.9435
39.3744
39.9004
65.9871
22.7328
29.1286
5.2225
23.8839
39.3744
39.9004
40.5777
68.4701
23.4678
29.9502
5.3888
24.6112
39.9004
40.5777
41.8945
67.4725
23.2083
29.7564
5.3224
24.5018
40.5777
41.8945
41.3624
68.9933
23.8337
30.4792
5.4333
24.9526
41.8945
41.3624
42.2613
69.2844
23.9761
30.509
5.4651
24.9385
41.3624
42.2613
42.5036
70.6307
24.3557
30.794
5.5826
25.1589
42.2613
42.5036
43.3856
69.7172
24.0236
30.3562
5.5079
24.8335
42.5036
43.3856
42.8106
69.8378
23.9556
30.3122
5.5054
24.6224
43.3856
42.8106
42.7824
70.036
23.9373
30.3309
5.5453
24.5215
42.8106
42.7824
43.1006
69.9353
23.7388
29.7799
5.5377
24.4933
42.7824
43.1006
43.0545
70.641
23.9403
29.7853
5.5845
24.638
43.1006
43.0545
43.3965
70.2909
23.7887
29.6062
5.533
24.4847
43.0545
43.3965
42.9719
70.6743
23.7935
29.7866
5.5156
24.615
43.3965
42.9719
42.8393
68.172
22.9294
29.9678
5.2809
24.5451
42.9719
42.8393
41.0273
68.8386
22.9816
30.1645
5.3172
24.6136
42.8393
41.0273
41.3048
68.4884
22.9396
29.9045
5.3129
24.8957
41.0273
41.3048
41.2606
68.17
22.6988
29.5388
5.2522
24.6293
41.3048
41.2606
40.8078
67.805
22.5946
29.1013
5.2532
24.5194
41.2606
40.8078
40.7914
68.0239
22.6495
28.7989
5.2542
24.4216
40.8078
40.7914
40.8204
68.872
22.9192
28.9008
5.3181
24.471
40.7914
40.8204
41.3296
69.1253
22.9688
29.2728
5.3622
24.5039
40.8204
41.3296
41.6713
69.9144
23.1886
29.7751
5.4081
24.439
41.3296
41.6713
42.0466
68.9917
22.8512
30.0281
5.3653
24.5781
41.6713
42.0466
41.7012
68.4098
22.6783
29.3915
5.3186
24.245
42.0466
41.7012
41.3184
67.2245
22.5004
29.1041
5.2748
23.7588
41.7012
41.3184
40.9917
67.2152
22.6414
29.2841
5.2879
23.9553
41.3184
40.9917
41.0925
66.8014
22.5021
29.431
5.2613
23.8981
40.9917
41.0925
40.8895
67.6415
22.7002
29.3206
5.3477
23.8843
41.0925
40.8895
41.5617
67.6264
22.8852
29.0068
5.3386
23.8038
40.8895
41.5617
41.4861
66.9834
22.7212
28.9212
5.2723
23.8329
41.5617
41.4861
40.9943
66.8318
22.6701
29.061
5.2758
23.9942
41.4861
40.9943
41
66.5905
22.6687
28.9852
5.2487
23.9228
40.9943
41
40.8003
65.5759
22.3771
28.6634
5.1582
23.6233
41
40.8003
40.0868
66.8985
22.8631
29.1986
5.2441
23.7129
40.8003
40.0868
40.7519
66.3284
22.5874
28.9505
5.1969
23.5957
40.0868
40.7519
40.3883
66.7031
22.7264
28.8339
5.2343
23.6138
40.7519
40.3883
40.665
66.6346
22.6729
28.7226
5.234
23.6056
40.3883
40.665
40.6764
67.0951
22.7554
28.7829
5.2385
23.6982
40.665
40.6764
40.7252
67.1954
22.7932
28.5433
5.2288
23.4905
40.6764
40.7252
40.6346
67.2333
22.7251
28.5447
5.2384
23.5103
40.7252
40.6346
40.6813
66.5905
22.8213
28.6255
5.2147
23.5062
40.6346
40.6813
40.5089
66.3549
22.7875
28.352
5.2058
23.3994
40.6813
40.5089
40.4354
66.1188
22.6868
28.0879
5.2118
23.3212
40.5089
40.4354
40.4955
66.0629
22.7596
27.9217
5.2167
23.3036
40.4354
40.4955
40.5354
65.6049
22.6021
27.8394
5.198
23.2466
40.4955
40.5354
40.397
66.1326
22.8123
28.0282
5.2036
23.3332
40.5354
40.397
40.397
66.5567
22.9522
28.1304
5.25
23.4647
40.397
40.397
40.8029
67.8434
23.4285
28.6489
5.3558
23.7481
40.397
40.8029
41.6186
67.4552
23.2753
28.3249
5.3456
23.5255
40.8029
41.6186
41.5308
68.0039
23.3682
28.398
5.3698
23.6155
41.6186
41.5308
41.7364
67.7583
23.2306
28.437
5.3695
23.6356
41.5308
41.7364
41.7512
67.2271
23.1689
28.4424
5.33
23.5361
41.7364
41.7512
41.4873
66.7656
22.9334
28.2285
5.3256
23.4399
41.7512
41.4873
41.3996
66.5527
22.9626
28.2689
5.3093
23.2919
41.4873
41.3996
41.2654
66.5948
22.8819
28.4927
5.3041
23.3102
41.3996
41.2654
41.2354
66.3648
22.7512
28.4245
5.2689
23.2302
41.2654
41.2354
40.9507
66.5648
22.6922
28.5376
5.2642
23.1519
41.2354
40.9507
40.9096
67.4381
22.8812
28.4606
5.3149
23.216
40.9507
40.9096
41.3329
67.3040
22.8941
28.5216
5.3002
23.1517
40.9096
41.3329
41.1904
67.6164
22.9118
28.532
5.3218
23.1193
41.3329
41.1904
41.3633
68.0482
22.9807
28.8294
5.3498
23.3149
41.1904
41.3633
41.5818
68.61
23.061
29.3218
5.3477
23.3422
41.3633
41.5818
41.59
69.5619
23.7131
29.3337
5.3549
23.2381
41.5818
41.59
41.6389
68.4724
23.3015
29.3185
5.2648
23.0399
41.59
41.6389
40.8340
67.2281
22.9412
29.1715
5.1717
23.1475
41.6389
40.8340
40.2522
67.6534
23.206
29.4711
5.2227
22.8612
40.8340
40.2522
40.6096
67.6424
23.2882
30.0444
5.2106
23.0119
40.2522
40.6096
40.5080
67.3234
23.3298
30.3737
5.1958
23.128
40.6096
40.5080
40.39
66.877
23.2696
30.4933
5.1868
23.074
40.5080
40.39
40.3243
66.7098
23.2651
30.5045
5.193
23.3256
40.39
40.3243
40.3617
67.6394
23.6568
29.8335
5.2144
23.1947
40.3243
40.3617
40.534
68.134
23.9386
30.1679
5.2007
23.192
40.3617
40.534
40.44
67.6059
24.1191
30.5339
5.2124
23.1923
40.534
40.44
40.5145
67.8792
24.1439
30.3443
5.2111
23.3347
40.44
40.5145
40.5048
67.6703
23.8875
30.0508
5.2133
23.3422
40.5145
40.5048
40.5117
67.7111
23.8758
30.0306
5.1974
23.347
40.5048
40.5117
40.41
67.7155
23.7644
30.406
5.1878
23.2805
40.5117
40.41
40.3294
67.5469
23.7765
30.1849
5.1871
23.1037
40.41
40.3294
40.3372
67.5458
23.8043
29.9168
5.1888
23.1155
40.3294
40.3372
40.3483
67.519
23.8775
29.6304
5.1813
23.1041
40.3372
40.3483
40.2848
66.9563
23.6745
29.1009
5.1312
23.0127
40.3483
40.2848
39.8833
65.2853
22.9373
28.4707
4.9685
22.3592
40.2848
39.8833
38.6131
65.9102
23.1316
28.5527
4.9984
22.7536
39.8833
38.6131
38.855
66.1682
23.1011
28.5461
4.9914
22.8371
38.6131
38.855
38.7925
66.4588
23.2345
28.7012
5.0142
22.928
38.855
38.7925
38.9658
66.3292
23.3941
28.6888
5.0435
23.03
38.7925
38.9658
39.1756
66.7436
23.7589
28.926
5.0545
23.1113
38.9658
39.1756
39.2988
66.353
23.8603
28.9202
5.035
23.0367
39.1756
39.2988
39.4158
64.7588
23.5697
28.7783
4.9609
22.8168
39.2988
39.4158
38.5565
64.6827
23.5335
29.5203
4.9581
22.8463
39.4158
38.5565
38.5429
64.8263
23.6918
31.3425
4.9192
23.1131
38.5565
38.5429
38.2312
65.2074
23.2161
32.4278
4.9090
22.9958
38.5429
38.2312
38.1600
64.3529
23.1174
32.5389
4.8909
23.0841
38.2312
38.1600
38.0204
64.0238
22.9489
31.9047
4.8779
23.0783
38.1600
38.0204
37.9200
64.4509
23.1078
31.6033
4.8713
23.1347
38.0204
37.9200
37.8729
64.3116
23.0138
31.6594
4.8553
23.1880
37.9200
37.8729
37.7444
63.9819
23.1936
32.1610
4.8307
23.0585
37.8729
37.7444
37.5517
63.9034
23.2077
32.7433
4.8423
23.1094
37.7444
37.5517
37.6433
63.5936
22.9138
32.4833
4.8332
22.9312
37.5517
37.6433
37.5510
64.0323
22.8658
32.2522
4.8313
22.9931
37.6433
37.5510
37.5725
63.4659
22.6131
31.7169
4.8285
22.9610
37.5510
37.5725
37.5426
62.6463
22.6440
31.3469
4.8011
22.7822
37.5725
37.5426
37.3432
61.8861
22.3496
31.1353
4.7941
22.6390
37.5426
37.3432
37.2504
61.5747
22.2420
31.0668
4.7418
22.5124
37.3432
37.2504
36.8808
60.8172
21.9340
30.8171
4.6855
22.2649
37.2504
36.8808
36.4196
61.1058
22.0101
31.3516
4.6920
22.3283
36.8808
36.4196
36.4711

