52.6933
53.406
55.15591
55.5191
52.9856
52.4
52.9975
52.64348
52.76478
53.0583
53.7216
54.292
54.36905
54.2452
54.3112
54.5
54.97692
51.5716
48.37846
47.39069
48.75909
48.21
47.38571
46.25038
44.30871
46.13484
47.21750
46.05129
45.17962
44.00281
44.44269
44.802
43.79233
42.58226
42.63241
42.44034
43.12655
42.8675
43.51655
44.08821
44.96125
44.545
43.65167
42.75538
42.84962
41.385
39.79
39.7125
40.325
40.09038
39.11885
38.63571
38.26429
38.15179
38.13704
38.04318
37.8179
38.41172
38.6609
39.7803
40.6
39.67909
40.0992
39.51739
39.3975
39.7856
39.31379
38.9396
38.69375
38.77821
38.62333
38.58857
38.29808
38.1748
38.39417
38.385
38.2748
38.8554
38.356
38.1735
38.5593
38.3963
38.4163
38.7582
39.1693
38.9607
38.7612
38.968
38.8433
38.9621
38.9435
39.3744
39.9004
40.5777
41.8945
41.3624
42.2613
42.5036
43.3856
42.8106
42.7824
43.1006
43.0545
43.3965
42.9719
42.8393
41.0273
41.3048
41.2606
40.8078
40.7914
40.8204
41.3296
41.6713
42.0466
41.7012
41.3184
40.9917
41.0925
40.8895
41.5617
41.4861
40.9943
41
40.8003
40.0868
40.7519
40.3883
40.665
40.6764
40.7252
40.6346
40.6813
40.5089
40.4354
40.4955
40.5354
40.397
40.397
40.8029
41.6186
41.5308
41.7364
41.7512
41.4873
41.3996
41.2654
41.2354
40.9507
40.9096
41.3329
41.1904
41.3633
41.5818
41.59
41.6389
40.8340
40.2522
40.6096
40.5080
40.39
40.3243
40.3617
40.534
40.44
40.5145
40.5048
40.5117
40.41
40.3294
40.3372
40.3483
40.2848
39.8833
38.6131
38.855
38.7925
38.9658
39.1756
39.2988
39.1458
38.5565
38.5429
38.2312
38.16
38.0204
37.92
37.8729
37.7444
37.5517
37.6433
37.551
37.5725
37.5426
37.3432
37.2504
36.8808
36.4196
36.4711
36.3989
