38.2748
38.8554
38.356
38.1735
38.5593
38.3963
38.4163
38.7582
39.1693
38.9607
38.7612
38.968
38.8433
38.9621
38.9435
39.3744
39.9004
40.5777
41.8945
41.3624
42.2613
42.5036
43.3856
42.8106
42.7824
43.1006
43.0545
43.3965
42.9719
42.8393
41.0273
41.3048
41.2606
40.8078
40.7914
40.8204
41.3296
41.6713
42.0466
41.7012
41.3184
40.9917
41.0925
40.8895
41.5617
41.4861
40.9943
41
40.8003
40.0868
40.7519
40.3883
40.665
40.6764
40.7252
40.6346
40.6813
40.5089
40.4354
40.4955
40.5354
40.397
40.397
40.8029
41.6186
41.5308
41.7364
41.7512
41.4873
41.3996
41.2654
41.2354
40.9507
40.9096
41.3329
41.1904
41.3633
41.5818
41.59
41.6389
40.8340
40.2522
40.6096
40.5080
40.39
40.3243
40.3617
40.534
40.44
40.5145
40.5048
40.5117
40.41
40.3294
40.3372
40.3483
40.2848
39.8833
38.6131
38.855
38.7925
38.9658
39.1756
39.2988
39.1458
38.5565
38.5429
38.2312
38.16
38.0204
37.92
37.8729
37.7444
37.5517
37.6433
37.551
37.5725
37.5426
37.3432
37.2504
36.8808
36.4196
36.4711
36.3989
36.412
36.3435
36.2142
36.1543
36.3689
36.9508
36.405
36.5354
36.7009
36.4078
36.1404
36.1025
35.961
35.8811
35.8767
35.9639
35.8548
35.8096
35.7304
35.82
35.8005
35.7786
35.6971
35.65
35.7217
35.6342
35.503
35.4883
35.6805
36.2396
36.4343
36.3905
39.017
35.9673
35.9916
36.0826
36.1396
36.2868
36.7392
36.4714

