0.443545
0.251008
0.246552
0.393346
0.711882
0.559887
0.601230
0.574908   
0.416705
0.268554
0.278425
0.382046
0.697732
0.532245
0.540267
0.576834   
0.482095
0.362067
0.305284
0.443147
0.659452
0.718828
0.648258
0.628021   
0.394402
0.286488
0.243484
0.391164
0.628696
0.426075
0.577404
0.558208   
0.331994
0.246215
0.227388
0.368329
0.583237
0.512336
0.435685
0.547715   
0.379203
0.293724
0.239663
0.411661
0.578512
0.667138
0.599785
0.519929   
0.350288
0.270585
0.226762
0.395186
0.567268
0.517943
0.603546
0.568191   
0.362073
0.271992
0.225632
0.397009
0.574214
0.567838
0.535985
0.597334   
0.369836
0.301568
0.229290
0.429664
0.586036
0.654742
0.628618
0.590763   
0.418109
0.349414
0.248329
0.472450
0.630293
0.672269
0.698745
0.671505   
0.399468
0.338200
0.209812
0.448914
0.629256
0.506334
0.599254
0.639647   
0.396020
0.339571
0.211503
0.429196
0.607423
0.508503
0.487709
0.562816   
0.409015
0.396385
0.244606
0.451875
0.643201
0.617948
0.563717
0.533826   
0.405660
0.380203
0.183424
0.439484
0.620710
0.528778
0.577380
0.545677   
0.409767
0.380069
0.173067
0.450239
0.608938
0.594310
0.561314
0.590898   
0.422470
0.356853
0.164824
0.450472
0.600492
0.557388
0.580638
0.558910   
0.462741
0.385058
0.228429
0.493804
0.621007
0.676961
0.636660
0.636968   
0.503072
0.449018
0.234574
0.543449
0.650775
0.700404
0.732493
0.692412   
0.587949
0.535273
0.311235
0.613590
0.690076
0.737137
0.772724
0.785066   
0.753255
0.700455
0.444817
0.743195
0.809823
0.891455
0.900000
0.894986   
0.686840
0.642136
0.413308
0.691447
0.791811
0.427706
0.696951
0.757822   
0.788087
0.782687
0.530827
0.777876
0.866033
0.785072
0.623950
0.782658   
0.807467
0.814689
0.535672
0.802660
0.863712
0.622071
0.752831
0.641624   
0.897097
0.900000
0.582010
0.894233
0.900000
0.775224
0.746196
0.820229   
0.836281
0.825364
0.510828
0.836016
0.846424
0.421771
0.613253
0.633332   
0.844310
0.810082
0.503674
0.834067
0.811667
0.555487
0.462382
0.598420   
0.857505
0.805970
0.506715
0.865163
0.795054
0.639681
0.610113
0.525827   
0.850801
0.761359
0.417129
0.859240
0.790411
0.551178
0.607215
0.593710   
0.897783
0.806644
0.418007
0.895714
0.814236
0.644895
0.610752
0.640631   
0.874475
0.772574
0.388887
0.855577
0.788995
0.458941
0.548754
0.545828   
0.900000
0.773652
0.418218
0.842017
0.810449
0.529982
0.470132
0.534613   
0.733409
0.579456
0.447679
0.659104
0.798940
0.100000
0.226198
0.243096   
0.777788
0.591187
0.479660
0.687394
0.810218
0.632725
0.298880
0.339226   
0.754473
0.581748
0.437387
0.684043
0.856665
0.551173
0.602494
0.350833   
0.733276
0.527632
0.377929
0.636736
0.812803
0.446221
0.476002
0.532647   
0.708976
0.504214
0.306796
0.637516
0.794709
0.558179
0.480802
0.492798   
0.723549
0.516552
0.257629
0.638295
0.778606
0.569826
0.564577
0.502763   
0.780012
0.577164
0.274197
0.688095
0.786740
0.691376
0.654754
0.632195   
0.796875
0.588311
0.334680
0.722465
0.792157
0.648236
0.707222
0.679137   
0.849410
0.637708
0.416348
0.758237
0.781471
0.655836
0.683341
0.723634   
0.787981
0.561882
0.457483
0.724881
0.804373
0.475673
0.567474
0.611658   
0.749241
0.523024
0.353979
0.688485
0.749530
0.465393
0.437381
0.515164   
0.670329
0.483044
0.307251
0.654350
0.669479
0.478948
0.439620
0.420098   
0.669710
0.514732
0.336517
0.664559
0.701832
0.588069
0.523395
0.480485   
0.642161
0.483426
0.360402
0.643829
0.692414
0.510412
0.544660
0.504391   
0.698091
0.527946
0.342452
0.711164
0.690142
0.731715
0.642462
0.638218
0.697086
0.569523
0.291432
0.704072
0.676888
0.543310
0.664390
0.614846   
0.654278
0.532666
0.277514
0.652401
0.681679
0.436789
0.464215
0.576523   
0.644185
0.521182
0.300244
0.655129
0.708236
0.563844
0.478293
0.486639   
0.628121
0.520867
0.287920
0.634009
0.696481
0.511145
0.528662
0.469450   
0.560573
0.455333
0.235599
0.563478
0.647169
0.376045
0.400806
0.437217   
0.648626
0.564556
0.322616
0.630424
0.661921
0.733256
0.553964
0.528726   
0.610671
0.502596
0.282278
0.593639
0.642625
0.468136
0.615337
0.505985   
0.635617
0.533834
0.263320
0.622786
0.645605
0.633626
0.547231
0.641005   
0.631056
0.521811
0.245224
0.622552
0.644255
0.565322
0.612626
0.552125   
0.661714
0.540352
0.255028
0.626059
0.659501
0.574933
0.572873
0.608128   
0.668392
0.548847
0.216072
0.618500
0.625304
0.539045
0.555092
0.558251   
0.670915
0.533542
0.216299
0.625981
0.628564
0.574406
0.554734
0.563054   
0.628121
0.555162
0.229437
0.607511
0.627889
0.517832
0.540378
0.532865   
0.612435
0.547566
0.184969
0.600575
0.610305
0.543358
0.519254
0.535149   
0.596717
0.524935
0.142029
0.605251
0.597429
0.577926
0.560041
0.537019   
0.592995
0.541296
0.115007
0.609070
0.594532
0.572693
0.579886
0.566003   
0.562504
0.505899
0.101626
0.594496
0.585147
0.526520
0.545093
0.557132   
0.597636
0.553139
0.132323
0.598860
0.599405
0.562388
0.538088
0.548906   
0.625870
0.584580
0.148939
0.635022
0.621056
0.666536
0.632948
0.598637   
0.711532
0.691623
0.233241
0.717477
0.667717
0.767582
0.770583
0.724681   
0.685688
0.657193
0.180563
0.709528
0.631067
0.540255
0.686705
0.713335   
0.722218
0.678071
0.192448
0.728388
0.645885
0.613962
0.582408
0.686056   
0.705867
0.647147
0.198789
0.728154
0.649194
0.566099
0.599831
0.579948   
0.670502
0.633281
0.199667
0.697370
0.632812
0.495792
0.519800
0.556591   
0.639778
0.580355
0.164889
0.693941
0.616973
0.540210
0.502149
0.517406   
0.625604
0.586917
0.171458
0.681237
0.592605
0.528340
0.524246
0.497296   
0.628407
0.568781
0.207845
0.677185
0.595618
0.554771
0.534144
0.528611   
0.613094
0.539408
0.196756
0.649752
0.582447
0.489602
0.507880
0.501778   
0.626410
0.526148
0.215145
0.646089
0.569555
0.551870
0.505900
0.514300   
0.684550
0.568624
0.202626
0.685602
0.580109
0.669607
0.627976
0.575431   
0.675622
0.571523
0.212544
0.674145
0.569522
0.526169
0.610742
0.594564   
0.696420
0.575501
0.214235
0.690979
0.564187
0.606150
0.567601
0.623035   
0.725167
0.590985
0.262588
0.712801
0.596392
0.617402
0.629152
0.595484   
0.762569
0.609032
0.342647
0.711164
0.600887
0.564452
0.601051
0.615513   
0.825942
0.755583
0.344582
0.716775
0.583747
0.574683
0.572115
0.598984   
0.753408
0.663081
0.342110
0.646556
0.551114
0.356021
0.431069
0.461132   
0.670569
0.582108
0.318210
0.573999
0.568830
0.411065
0.318033
0.378624   
0.698883
0.641619
0.366921
0.613746
0.521692
0.654528
0.523194
0.422245   
0.698151
0.660092
0.460133
0.604316
0.546504
0.536129
0.607179
0.517891   
0.676913
0.669441
0.513674
0.592781
0.565620
0.531802
0.523824
0.581252   
0.647194
0.655912
0.533119
0.585767
0.556729
0.545330
0.530076
0.523268   
0.636063
0.654901
0.534940
0.590599
0.598154
0.572089
0.557415
0.542346   
0.697951
0.742931
0.425843
0.607277
0.576602
0.606891
0.599083
0.582031   
0.730879
0.806262
0.480213
0.596600
0.576157
0.538053
0.576121
0.578207   
0.695721
0.846827
0.539720
0.605718
0.576207
0.581640
0.558974
0.583241   
0.713916
0.852400
0.508894
0.604705
0.599652
0.559881
0.573735
0.558402   
0.700008
0.794778
0.461174
0.606420
0.600887
0.564171
0.561898
0.572174   
0.702725
0.792148
0.457890
0.594028
0.601677
0.536040
0.545748
0.548090   
0.703018
0.767112
0.518925
0.586547
0.590728
0.541464
0.530326
0.538341   
0.691793
0.769832
0.482977
0.586001
0.561619
0.564412
0.549587
0.538469   
0.691720
0.776079
0.439387
0.587326
0.563562
0.565268
0.565711
0.553933   
0.689936
0.792530
0.392822
0.581481
0.561685
0.545885
0.553162
0.556267   
0.652474
0.746908
0.306731
0.542435
0.546636
0.456994
0.479691
0.499462   
0.541227
0.581232
0.204268
0.415636
0.439040
0.217991
0.255308
0.313918   
0.582829
0.624898
0.217600
0.438938
0.503976
0.627567
0.374672
0.358924   
0.600006
0.618044
0.216527
0.433483
0.517724
0.545520
0.595190
0.406915   
0.619353
0.648024
0.241745
0.451252
0.532691
0.608951
0.582557
0.612435   
0.610724
0.683892
0.239728
0.474087
0.549484
0.618455
0.631750
0.607637   
0.638313
0.765876
0.278294
0.482660
0.562870
0.595209
0.622491
0.633622   
0.612309
0.788665
0.277351
0.467462
0.550588
0.593465
0.605613
0.625513   
0.506175
0.723356
0.254280
0.409713
0.514382
0.329059
0.425832
0.473607   
0.501108
0.715220
0.374921
0.407530
0.519239
0.558694
0.401750
0.453951   
0.510669
0.750796
0.671189
0.377214
0.563167
0.477031
0.502036
0.391066   
0.536040
0.643889
0.847647
0.369264
0.543854
0.542854
0.491217
0.504938   
0.479152
0.621707
0.865710
0.355158
0.558392
0.523947
0.523062
0.486403   
0.457242
0.583839
0.762597
0.345027
0.557437
0.534668
0.517496
0.517012   
0.485676
0.619549
0.713592
0.339883
0.566723
0.549368
0.534764
0.520474   
0.476402
0.598424
0.722714
0.327414
0.575499
0.526745
0.529389
0.521957   
0.454453
0.638832
0.804268
0.308242
0.554177
0.508663
0.501718
0.508159   
0.449226
0.642001
0.898943
0.317282
0.562557
0.587864
0.543338
0.528664   
0.428602
0.575950
0.856670
0.310190
0.533217
0.536654
0.562256
0.533911   
0.457808
0.565163
0.819096
0.308709
0.543409
0.568379
0.549022
0.565449   
0.420100
0.508371
0.732062
0.306527
0.538124
0.554050
0.560801
0.547557   
0.365535
0.515316
0.671905
0.285173
0.508685
0.506485
0.518835
0.531620   
0.314924
0.449153
0.637501
0.279717
0.485108
0.536306
0.506749
0.514578   
0.294193
0.424971
0.626364
0.238958
0.464264
0.457469
0.473459
0.463171
0.243762
0.355752
0.585765
0.195080
0.423514
0.429809
0.400584
0.422169
0.262976
0.372854
0.672669
0.200146
0.433952
0.577172
0.482709
0.444243
0.240673
0.386114
0.700927
0.190872
0.436784
0.541621
0.558354
0.489185
0.214143
0.351909
0.679433
0.195782
0.421818
0.566155
0.550875
0.561234
0.188592
0.341481
0.661011
0.186274
0.420056
0.542655
0.551576
0.542975
0.181255
0.291342
0.564775
0.175597
0.402027
0.525008
0.523647
0.534188
0.186747
0.308939
0.532030
0.169752
0.393663
0.545042
0.525270
0.522977
0.196208
0.284263
0.515283
0.193755
0.377841
0.624164
0.592559
0.566250
0.271930
0.328311
0.470653
0.252830
0.395606
0.727260
0.715282
0.672610
0.197253
0.273093
0.407634
0.195080
0.358067
0.405426
0.569422
0.600464
0.224209
0.300287
0.414966
0.207082
0.370662
0.599755
0.481742
0.587586
0.245100
0.302759
0.438753
0.225319
0.386386
0.609599
0.619575
0.524739
0.222971
0.286555
0.396301
0.195392
0.362051
0.478104
0.537529
0.562813
0.214250
0.275093
0.395261
0.167024
0.366826
0.484926
0.452383
0.501957
0.211853
0.278891
0.394057
0.163751
0.360717
0.551397
0.502406
0.470742
0.174032
0.224842
0.344126
0.145904
0.352749
0.521193
0.527003
0.493691
0.154765
0.195446
0.434249
0.142474
0.369328
0.539075
0.518622
0.522431
0.139506
0.174658
0.401862
0.142085
0.348534
0.561104
0.545722
0.527589
0.144745
0.150229
0.377067
0.151281
0.347052
0.587773
0.578718
0.562834
0.145471
0.145262
0.383213
0.139435
0.336070
0.530531
0.558056
0.558332
0.139779
0.132654
0.345850
0.134057
0.326784
0.549173
0.531825
0.552027
0.138394
0.136228
0.300959
0.125563
0.299239
0.539182
0.537693
0.526255
0.123128
0.117597
0.269173
0.133590
0.297065
0.588576
0.564447
0.557016
0.117116
0.169129
0.298537
0.133200
0.309364
0.556685
0.576277
0.560983
0.121557
0.184344
0.333022
0.129927
0.299749
0.555980
0.554181
0.569837
0.146017
0.213111
0.388253
0.121198
0.295139
0.538485
0.541843
0.543352
0.142655
0.219313
0.456020
0.115665
0.299090
0.548556
0.536802
0.539046
0.109041
0.188479
0.383538
0.121900
0.271759
0.583402
0.567273
0.553581
0.115812
0.211964
0.421323
0.113717
0.273208
0.536680
0.559243
0.552628
0.132202
0.240057
0.481075
0.102494
0.282527
0.523699
0.518695
0.539495
0.167441
0.255114
0.499236
0.100000
0.279744
0.558051
0.533227
0.526024
0.197373
0.269520
0.561036
0.119951
0.298893
0.618783
0.597673
0.569563
0.246086
0.318760
0.610398
0.172713
0.337387
0.723908
0.709436
0.674773
0.243083
0.323480
0.656020
0.195704
0.362100
0.618335
0.709136
0.705950
0.243636
0.326761
0.648329
0.191573
0.359483
0.549787
0.591800
0.670265
0.222984
0.287903
0.637485
0.154087
0.329451
0.453819
0.480208
0.528216
0.216720
0.249676
0.593651
0.149255
0.317333
0.547921
0.478930
0.490597
0.213584
0.255811
0.588253
0.152294
0.315357
0.569456
0.557382
0.501108
0.213218
0.248147
0.627941
0.160244
0.318453
0.588792
0.585053
0.572440
0.210388
0.247496
0.618169
0.166011
0.319111
0.578901
0.591435
0.588749
0.225667
0.254957
0.601032
0.180662
0.330044
0.604858
0.602303
0.607369
0.285432
0.341728
0.725770
0.226332
0.377676
0.691306
0.678148
0.661205
