0.178599
0.301320
0.715365
0.153541
0.313217
0.431598
0.421046
0.521650
0.134280
0.270037
0.774157
0.129693
0.285754
0.494845
0.427447
0.415827
0.147282
0.259901
0.769994
0.149566
0.270047
0.617181
0.553990
0.486686
0.174810
0.262913
0.797569
0.180351
0.301461
0.360553
0.463484
0.449121
0.147694
0.257654
0.832379
0.156113
0.276649
0.782255
0.577477
0.603026
0.122649
0.204009
0.866084
0.156191
0.280452
0.559571
0.709478
0.572665
0.100000
0.166185
0.832949
0.159308
0.272895
0.571964
0.566969
0.682001
0.146097
0.249698
0.820852
0.192197
0.289870
0.659160
0.634378
0.617034
0.214263
0.328042
0.806918
0.222358
0.322651
0.639980
0.680033
0.659069
0.256658
0.369079
0.856312
0.245972
0.356601
0.634655
0.663553
0.691628
0.166968
0.235315
0.737883
0.176610
0.285145
0.353607
0.470877
0.532559
0.160543
0.226123
0.695106
0.169284
0.271430
0.552696
0.414243
0.485868
0.185323
0.247945
0.752857
0.181052
0.286791
0.598658
0.580417
0.466460
0.149612
0.213560
0.742712
0.168427
0.284898
0.519688
0.558132
0.553949
0.193378
0.268733
0.753735
0.195626
0.311867
0.638887
0.585498
0.599496
0.237418
0.304557
0.775766
0.229450
0.324660
0.657556
0.678221
0.630500
0.211447
0.254755
0.764954
0.195782
0.296588
0.470985
0.565502
0.605199
0.200974
0.233517
0.756711
0.191340
0.296077
0.552814
0.493920
0.559761
0.197266
0.224437
0.708601
0.211057
0.303849
0.619605
0.594701
0.539525
0.198531
0.211223
0.675482
0.211447
0.298745
0.561530
0.600574
0.587126
0.181095
0.171804
0.682798
0.197652
0.288405
0.523093
0.535182
0.571514
0.170064
0.151330
0.712958
0.198509
0.284420
0.555523
0.531097
0.537541
0.161296
0.152768
0.824299
0.193288
0.288882
0.555202
0.552866
0.534184
0.161968
0.150566
0.789245
0.198821
0.289854
0.579118
0.568862
0.563813
0.174138
0.164387
0.835225
0.195158
0.292373
0.554261
0.568225
0.563146
0.157814
0.141217
0.808024
0.205446
0.296736
0.591799
0.576823
0.582458
0.194477
0.189850
0.764076
0.231476
0.308442
0.619551
0.620933
0.603768
0.196321
0.196480
0.788025
0.234282
0.320198
0.583082
0.615059
0.618864
0.164864
0.193064
0.781993
0.227267
0.314287
0.541083
0.562002
0.592278
0.150644
0.150948
0.768889
0.221578
0.313941
0.551496
0.540559
0.556335
0.156815
0.148274
0.763832
0.204355
0.299337
0.512165
0.520948
0.518767
0.146909
0.129486
0.646183
0.212849
0.292916
0.579464
0.539987
0.539155
0.186747
0.143599
0.599797
0.221111
0.292537
0.585192
0.589381
0.557007
0.188944
0.163084
0.586936
0.227112
0.296291
0.583636
0.592202
0.594609
0.214356
0.174860
0.562662
0.257662
0.314732
0.641705
0.630411
0.627342
0.229908
0.161556
0.548403
0.301305
0.333436
0.685357
0.698805
0.679734
0.221706
0.142745
0.583473
0.285173
0.307718
0.528815
0.623221
0.651339
0.172241
0.100000
0.542728
0.265066
0.287269
0.495120
0.493923
0.574587
0.158386
0.133216
0.564499
0.282133
0.287631
0.613023
0.551340
0.536017
0.147741
0.117957
0.599618
0.270599
0.284980
0.526394
0.572425
0.534736
   
