0.394041
0.451397
0.402062
0.384033
0.422146
0.406043
0.408019
0.441794
0.482406
0.461799
0.442091
0.462520
0.450201
0.461937
0.460100
0.502667
0.554629
0.621538
0.751621
0.699057
0.787857
0.811793
0.898923
0.842120
0.839335
0.870769
0.866215
0.900000
0.858055
0.844956
0.665953
0.693366
0.689000
0.644269
0.642649
0.645514
0.695816
0.729572
0.766647
0.732526
0.694710
0.662436
0.672394
0.652340
0.718745
0.711277
0.662693
0.663256
0.643528
0.573043
0.638747
0.602828
0.630162
0.631288
0.636109
0.627159
0.631772
0.614742
0.607481
0.613418
0.617359
0.603687
0.603687
0.643785
0.724366
0.715692
0.736003
0.737465
0.711395
0.702731
0.689474
0.686511
0.658386
0.654326
0.696142
0.682065
0.699145
0.720731
0.721541
0.726371
0.646857
0.589383
0.624689
0.614653
0.602996
0.596505
0.600200
0.617221
0.607935
0.615295
0.614337
0.615018
0.604971
0.597009
0.597780
0.598876
0.592603
0.552940
0.427460
0.451357
0.445183
0.462303
0.483028
0.495199
0.480084
0.421869
0.420526
0.389734
0.382700
0.368909
0.358991
0.354338
0.341644
0.322607
0.331656
0.322538
0.324662
0.321709
0.302010
0.292843
0.256331
0.210770
0.215858
0.208725
0.210020
0.203253
0.190479
0.184562
0.205762
0.263246
0.209328
0.222210
0.238559
0.209605
0.183189
0.179445
0.165466
0.157573
0.157139
0.165753
0.154975
0.150510
0.142686
0.151537
0.149611
0.147448
0.139396
0.134744
0.141827
0.133183
0.120222
0.118770
0.137757
0.192989
0.212222
0.207896
0.467361
0.166089
0.168489
0.177479
0.183110
0.197651
0.242343
0.215887

