-0.46500
0.60200
-0.16200
0.46000
0.98100
1.00000
0.14600
-0.42900
0.69100
0.02800
0.05400
-0.15700
0.77300
-0.72000
-1.00000
0.88700
0.12300
-0.76300
-0.26100
-1.00000
-0.44900
0.71700
-1.00000
-0.54300
0.95600
0.91200
-0.12800
-0.28100
-0.09500
-0.13800
0.59200
-1.00000
0.54000
0.47600
-0.49500
-0.95700
-0.12200
0.42400
0.38400
0.43300
0.84900
0.28500
0.82700
0.60300
-0.92000
0.46000
-0.72900
-0.04100
0.95100
-1.00000
-0.65700
0.98600
-0.24900
-0.93300
0.04400
-0.52400
-0.66700
-0.98900
-0.73000
-0.27000
-1.00000
-0.89800
1.00000
0.81000
-0.85600
0.35800
0.86800
-0.84000
0.76600
-0.74000
-0.98400
0.20200
-0.56000
0.74700
-0.54800
-0.95800
0.77300
0.83400
0.33900
-0.67000
0.43600
-0.20300
0.23900
-0.22200
-0.46600
-0.32200
0.25100
0.84600
-0.79900
-0.06500
0.14500
0.95900
-0.63700
-1.00000
-0.85400
0.76400
-1.00000
-0.88200
-0.89300
1.00000
-0.45500